-14101
-6398
-16124
-15943
-2012
-15511
-9250
7646
-5114
31087
14672
18821
-3769
-754
-15629
-22009
-1782
-8814
8339
-1772
12080
5973
-15209
-1972
-3156
-4948
3513
-13322
-5823
5840
-44407
-28810
-20599
7273
14070
8849
-46707
-28768
-21217
-11764
-7132
-11287
43200
41484
24608
-5268
-6757
-6337
33235
27880
18030
28250
7184
-1456
12659
7651
10766
24283
23703
9397
7979
6186
-11625
24576
16034
9197
6588
3695
-16753
-15951
-14270
-33160
10136
3386
3530
-11755
-16346
-22020
-11637
-8188
-9567
-36993
-42003
-55279
14873
-1782
-17437
12597
3336
-2488
39085
42081
37555
-9144
-13749
-9450
2241
2804
10023
-10242
-1842
10156
-22752
-12439
5210
-1505
8827
25554
17984
5632
-20088
23328
5148
-18800
12566
-1279
-16315
23192
1529
-20530
30781
372
-25437
24143
-50
-16851
14813
-1252
-17337
27144
417
-20183
17438
-3617
-17226
-4170
-3923
4802
-5790
-1006
-4744
-1496
-3173
3125
418
2593
5607
9554
17469
8649
8434
11775
11304
10914
15807
5547
-14707
-11836
-30489
8138
7979
-5262
-26264
-23808
-9536
-42337
-47379
-26738
-35214
-41553
-19348
-4113
-6450
-7772
4116
4371
-950
-2790
-2645
-2575
31334
27633
17438
37256
42136
23446
38661
46709
28906
23765
-23365
-829
37289
-25333
-11468
25567
-18352
-7430
17443
-20382
1520
24473
-23573
-845
13264
-16031
2305
-2154
-9176
10619
2510
-12192
8892
-3370
-6702
9881
17950
11520
14822
-20464
-14128
-13059
-16534
-13879
-13032
16726
26413
20050
-3454
13681
6615
-41206
-28563
-31752
24435
27422
18639
5950
16628
5791
-24461
-18591
-26741
13078
11526
4568
-18908
-7177
9621
-36746
-23688
-1615
21196
20399
6884
-8750
37
10762
-29054
-21429
-3174
22254
14389
-9882
8457
7647
-1733
-6425
-9745
-11934
25835
9182
-18083
26682
12701
-22921
13972
7380
-16291
26184
3393
-32436
33910
11851
-39042
22638
7822
-26924
8563
-5249
-19410
12021
-333
-23855
-2664
-6679
-15057
-29309
-26040
-22533
14189
-16184
-42477
1828
-29341
-48496
18935
19840
-459
22409
-2333
-41290
7506
-18730
-49175
3078
21485
20842
41465
44239
23903
29352
29674
16707
6805
25328
46959
-2369
-2657
5257
-19756
-26931
-43914
21942
32598
60323
-3890
-8851
9398
-19785
-30664
-40355
12685
5382
26410
22747
7159
20625
-8233
-19615
-28820
-4382
-6468
-13297
15660
11570
26069
22471
9030
13633
-17023
-7839
-27881
17543
23085
5872
26678
28225
-7856
-15052
-8096
-15296
-21495
-14317
-39449
2438
-4123
-12293
16220
-4952
-9018
-11741
-2632
5037
-6109
947
4050
6752
-1646
-6456
-5224
-10598
-15419
8771
5583
600
2138
5668
8055
4847
3506
-5501
-283
3136
451
853
-22291
-8718
-6360
-16467
49
-8018
-21780
-4534
10856
-22512
-5464
4546
-17340
8911
10271
-20614
4935
32047
-7596
-16
39154
5337
21311
25759
-3479
9097
